    #-- Inputs for Function Name: map
        objCP =  <CoolPrp.CoolPrp object at 0x02F8F628>
        ICOMP =  1
        ICOOL =  1
        EER =  5.28
        SIZE =  54.91183879093199
        DISPL =  6.57
        SPEEDN =  3450
  Compressor isentropic efficiency including mechanical and motor losses
  ETAC:      0.7231465620087887
  CE : clearance volume (fraction)   0.13911057200476362